  ~o <VecSize> 7 <nullD><USER> <StreamInfo> 1 7 
<BeginHMM>
  <NumStates> 10
  <State> 2 <NumMixes> 1 
  <Stream> 1
  <Mixture> 1 1.0000
    <Mean> 7
      0.0 0.0 0.0 0.0 0.0 0.0 0.0
    <Variance> 7
      1.0 1.0 1.0 1.0 1.0 1.0 1.0
  <State> 3 <NumMixes> 1 
  <Stream> 1
  <Mixture> 1 1.0000
    <Mean> 7
      0.0 0.0 0.0 0.0 0.0 0.0 0.0
    <Variance> 7
      1.0 1.0 1.0 1.0 1.0 1.0 1.0
  <State> 4 <NumMixes> 1 
  <Stream> 1
  <Mixture> 1 1.0000
    <Mean> 7
      0.0 0.0 0.0 0.0 0.0 0.0 0.0
    <Variance> 7
      1.0 1.0 1.0 1.0 1.0 1.0 1.0
  <State> 5 <NumMixes> 1 
  <Stream> 1
  <Mixture> 1 1.0000
    <Mean> 7
      0.0 0.0 0.0 0.0 0.0 0.0 0.0
    <Variance> 7
      1.0 1.0 1.0 1.0 1.0 1.0 1.0
  <State> 6 <NumMixes> 1 
  <Stream> 1
  <Mixture> 1 1.0000
    <Mean> 7
      0.0 0.0 0.0 0.0 0.0 0.0 0.0
    <Variance> 7
      1.0 1.0 1.0 1.0 1.0 1.0 1.0
  <State> 7 <NumMixes> 1 
  <Stream> 1
  <Mixture> 1 1.0000
    <Mean> 7
      0.0 0.0 0.0 0.0 0.0 0.0 0.0
    <Variance> 7
      1.0 1.0 1.0 1.0 1.0 1.0 1.0
  <State> 8 <NumMixes> 1 
  <Stream> 1
  <Mixture> 1 1.0000
    <Mean> 7
      0.0 0.0 0.0 0.0 0.0 0.0 0.0
    <Variance> 7
      1.0 1.0 1.0 1.0 1.0 1.0 1.0
  <State> 9 <NumMixes> 1 
  <Stream> 1
  <Mixture> 1 1.0000
    <Mean> 7
      0.0 0.0 0.0 0.0 0.0 0.0 0.0
    <Variance> 7
      1.0 1.0 1.0 1.0 1.0 1.0 1.0
   <TransP> 10
   0.000e+0   1.000e+0   0.000e+0   0.000e+0   0.000e+0   0.000e+0   0.000e+0   0.000e+0   0.000e+0   0.000e+0
   0.000e+0   6.000e-1   4.000e-1   0.000e+0   0.000e+0   0.000e+0   0.000e+0   0.000e+0   0.000e+0   0.000e+0
   0.000e+0   0.000e+0   6.000e-1   4.000e-1   0.000e+0   0.000e+0   0.000e+0   0.000e+0   0.000e+0   0.000e+0
   0.000e+0   0.000e+0   0.000e+0   6.000e-1   4.000e-1   0.000e+0   0.000e+0   0.000e+0   0.000e+0   0.000e+0
   0.000e+0   0.000e+0   0.000e+0   0.000e+0   6.000e-1   4.000e-1   0.000e+0   0.000e+0   0.000e+0   0.000e+0
   0.000e+0   0.000e+0   0.000e+0   0.000e+0   0.000e+0   6.000e-1   4.000e-1   0.000e+0   0.000e+0   0.000e+0
   0.000e+0   0.000e+0   0.000e+0   0.000e+0   0.000e+0   0.000e+0   6.000e-1   4.000e-1   0.000e+0   0.000e+0
   0.000e+0   0.000e+0   0.000e+0   0.000e+0   0.000e+0   0.000e+0   0.000e+0   6.000e-1   4.000e-1   0.000e+0
   0.000e+0   0.000e+0   0.000e+0   0.000e+0   0.000e+0   0.000e+0   0.000e+0   0.000e+0   6.000e-1   4.000e-1
   0.000e+0   0.000e+0   0.000e+0   0.000e+0   0.000e+0   0.000e+0   0.000e+0   0.000e+0   0.000e+0   0.000e+0
<EndHMM>
