~o <VecSize> 6 <nullD><USER> <StreamInfo> 1 6
<BeginHMM>
  <NumStates> 16
  <State> 2 <NumMixes> 1
  <Stream> 1
  <Mixture> 1 1.0
    <Mean> 6
      0.0 0.0 0.0 0.0 0.0 0.0 
    <Variance> 6
      1.0 1.0 1.0 1.0 1.0 1.0 
  <State> 3 <NumMixes> 1
  <Stream> 1
  <Mixture> 1 1.0
    <Mean> 6
      0.0 0.0 0.0 0.0 0.0 0.0 
    <Variance> 6
      1.0 1.0 1.0 1.0 1.0 1.0 
  <State> 4 <NumMixes> 1
  <Stream> 1
  <Mixture> 1 1.0
    <Mean> 6
      0.0 0.0 0.0 0.0 0.0 0.0 
    <Variance> 6
      1.0 1.0 1.0 1.0 1.0 1.0 
  <State> 5 <NumMixes> 1
  <Stream> 1
  <Mixture> 1 1.0
    <Mean> 6
      0.0 0.0 0.0 0.0 0.0 0.0 
    <Variance> 6
      1.0 1.0 1.0 1.0 1.0 1.0 
  <State> 6 <NumMixes> 1
  <Stream> 1
  <Mixture> 1 1.0
    <Mean> 6
      0.0 0.0 0.0 0.0 0.0 0.0 
    <Variance> 6
      1.0 1.0 1.0 1.0 1.0 1.0 
  <State> 7 <NumMixes> 1
  <Stream> 1
  <Mixture> 1 1.0
    <Mean> 6
      0.0 0.0 0.0 0.0 0.0 0.0 
    <Variance> 6
      1.0 1.0 1.0 1.0 1.0 1.0 
  <State> 8 <NumMixes> 1
  <Stream> 1
  <Mixture> 1 1.0
    <Mean> 6
      0.0 0.0 0.0 0.0 0.0 0.0 
    <Variance> 6
      1.0 1.0 1.0 1.0 1.0 1.0 
  <State> 9 <NumMixes> 1
  <Stream> 1
  <Mixture> 1 1.0
    <Mean> 6
      0.0 0.0 0.0 0.0 0.0 0.0 
    <Variance> 6
      1.0 1.0 1.0 1.0 1.0 1.0 
  <State> 10 <NumMixes> 1
  <Stream> 1
  <Mixture> 1 1.0
    <Mean> 6
      0.0 0.0 0.0 0.0 0.0 0.0 
    <Variance> 6
      1.0 1.0 1.0 1.0 1.0 1.0 
  <State> 11 <NumMixes> 1
  <Stream> 1
  <Mixture> 1 1.0
    <Mean> 6
      0.0 0.0 0.0 0.0 0.0 0.0 
    <Variance> 6
      1.0 1.0 1.0 1.0 1.0 1.0 
  <State> 12 <NumMixes> 1
  <Stream> 1
  <Mixture> 1 1.0
    <Mean> 6
      0.0 0.0 0.0 0.0 0.0 0.0 
    <Variance> 6
      1.0 1.0 1.0 1.0 1.0 1.0 
  <State> 13 <NumMixes> 1
  <Stream> 1
  <Mixture> 1 1.0
    <Mean> 6
      0.0 0.0 0.0 0.0 0.0 0.0 
    <Variance> 6
      1.0 1.0 1.0 1.0 1.0 1.0 
  <State> 14 <NumMixes> 1
  <Stream> 1
  <Mixture> 1 1.0
    <Mean> 6
      0.0 0.0 0.0 0.0 0.0 0.0 
    <Variance> 6
      1.0 1.0 1.0 1.0 1.0 1.0 
  <State> 15 <NumMixes> 1
  <Stream> 1
  <Mixture> 1 1.0
    <Mean> 6
      0.0 0.0 0.0 0.0 0.0 0.0 
    <Variance> 6
      1.0 1.0 1.0 1.0 1.0 1.0 
  <TransP> 16
   0.000e+0   1.000e+0   0.000e+0   0.000e+0   0.000e+0   0.000e+0   0.000e+0   0.000e+0   0.000e+0   0.000e+0   0.000e+0   0.000e+0   0.000e+0   0.000e+0   0.000e+0   0.000e+0   
   0.000e+0   6.000e-1   4.000e-1   0.000e+0   0.000e+0   0.000e+0   0.000e+0   0.000e+0   0.000e+0   0.000e+0   0.000e+0   0.000e+0   0.000e+0   0.000e+0   0.000e+0   0.000e+0   
   0.000e+0   0.000e+0   6.000e-1   4.000e-1   0.000e+0   0.000e+0   0.000e+0   0.000e+0   0.000e+0   0.000e+0   0.000e+0   0.000e+0   0.000e+0   0.000e+0   0.000e+0   0.000e+0   
   0.000e+0   0.000e+0   0.000e+0   6.000e-1   4.000e-1   0.000e+0   0.000e+0   0.000e+0   0.000e+0   0.000e+0   0.000e+0   0.000e+0   0.000e+0   0.000e+0   0.000e+0   0.000e+0   
   0.000e+0   0.000e+0   0.000e+0   0.000e+0   6.000e-1   4.000e-1   0.000e+0   0.000e+0   0.000e+0   0.000e+0   0.000e+0   0.000e+0   0.000e+0   0.000e+0   0.000e+0   0.000e+0   
   0.000e+0   0.000e+0   0.000e+0   0.000e+0   0.000e+0   6.000e-1   4.000e-1   0.000e+0   0.000e+0   0.000e+0   0.000e+0   0.000e+0   0.000e+0   0.000e+0   0.000e+0   0.000e+0   
   0.000e+0   0.000e+0   0.000e+0   0.000e+0   0.000e+0   0.000e+0   6.000e-1   4.000e-1   0.000e+0   0.000e+0   0.000e+0   0.000e+0   0.000e+0   0.000e+0   0.000e+0   0.000e+0   
   0.000e+0   0.000e+0   0.000e+0   0.000e+0   0.000e+0   0.000e+0   0.000e+0   6.000e-1   4.000e-1   0.000e+0   0.000e+0   0.000e+0   0.000e+0   0.000e+0   0.000e+0   0.000e+0   
   0.000e+0   0.000e+0   0.000e+0   0.000e+0   0.000e+0   0.000e+0   0.000e+0   0.000e+0   6.000e-1   4.000e-1   0.000e+0   0.000e+0   0.000e+0   0.000e+0   0.000e+0   0.000e+0   
   0.000e+0   0.000e+0   0.000e+0   0.000e+0   0.000e+0   0.000e+0   0.000e+0   0.000e+0   0.000e+0   6.000e-1   4.000e-1   0.000e+0   0.000e+0   0.000e+0   0.000e+0   0.000e+0   
   0.000e+0   0.000e+0   0.000e+0   0.000e+0   0.000e+0   0.000e+0   0.000e+0   0.000e+0   0.000e+0   0.000e+0   6.000e-1   4.000e-1   0.000e+0   0.000e+0   0.000e+0   0.000e+0   
   0.000e+0   0.000e+0   0.000e+0   0.000e+0   0.000e+0   0.000e+0   0.000e+0   0.000e+0   0.000e+0   0.000e+0   0.000e+0   6.000e-1   4.000e-1   0.000e+0   0.000e+0   0.000e+0   
   0.000e+0   0.000e+0   0.000e+0   0.000e+0   0.000e+0   0.000e+0   0.000e+0   0.000e+0   0.000e+0   0.000e+0   0.000e+0   0.000e+0   6.000e-1   4.000e-1   0.000e+0   0.000e+0   
   0.000e+0   0.000e+0   0.000e+0   0.000e+0   0.000e+0   0.000e+0   0.000e+0   0.000e+0   0.000e+0   0.000e+0   0.000e+0   0.000e+0   0.000e+0   6.000e-1   4.000e-1   0.000e+0   
   0.000e+0   0.000e+0   0.000e+0   0.000e+0   0.000e+0   0.000e+0   0.000e+0   0.000e+0   0.000e+0   0.000e+0   0.000e+0   0.000e+0   0.000e+0   0.000e+0   6.000e-1   4.000e-1   
   0.000e+0   0.000e+0   0.000e+0   0.000e+0   0.000e+0   0.000e+0   0.000e+0   0.000e+0   0.000e+0   0.000e+0   0.000e+0   0.000e+0   0.000e+0   0.000e+0   0.000e+0   0.000e+0   
<EndHMM>
