J4_ADDR	0.62	162	-65
J4_ADVA	0.40	177	-188
J4_BEFO	0.47	-4	-303
J4_CODE	0.51	235	-2
J4_CRED	1.00	-11	52
J4_DESC	0.60	204	-4
J4_DID	1.00	-24	70
J4_FOLL	0.48	8	-226
J4_HAVE	0.65	8	-223
J4_HIST	0.44	227	-26
J4_HOUR	0.79	87	-29
J4_ITEM	0.61	3	-196
J4_JAZZ	0.64	9	-158
J4_KEY	0.36	164	-169
J4_KNOW	0.42	112	-271
J4_LEVE	0.84	6	-79
J4_LIFE	0.65	151	-18
J4_MANA	0.84	89	-8
J4_MAP	0.56	232	-12
J4_MEET	0.69	202	-40
J4_MON	0.30	18	-352
J4_NOTE	0.88	-7	-56
J4_OPEN	0.50	-11	-285
J4_PERF	0.68	-49	-175
J4_PRE	0.51	-25	-196
J4_PREV	1.00	-7	57
J4_PROJ	0.71	-15	-134
J4_RELE	0.22	170	-400
J4_REQU	0.70	160	1
J4_SET	1.00	-4	64
J4_USIN	0.99	2	53
J4_VISI	0.76	29	-49
J4_WHOL	1.00	-9	71
