K1_AN	1.00	-69	16
K1_BID	1.00	-51	25
K1_CODE	1.00	-36	64
K1_COLO	1.00	-29	75
K1_FEAT	0.67	188	4
K1_JOIN	1.00	-60	51
K1_JULY	1.00	-71	27
K1_MEET	1.00	-31	82
K1_NEXT	1.00	-52	18
K1_NONE	1.00	-35	61
K1_NOTE	1.00	-28	102
K1_POIN	0.46	-18	-176
K1_ROBE	1.00	-34	71
K1_SET	1.00	-76	19
K1_SOCI	1.00	-21	82
K1_TEXT	0.70	125	14
K1_TOTA	1.00	-54	27
K1_TRAD	0.66	-33	-154
K1_VALU	1.00	-107	9
K1_VERS	0.33	357	25
K1_VISI	0.94	-54	-11
K1_WEST	1.00	-43	71
K1_WHIL	0.48	-25	-186
K1_WOME	1.00	-57	18
K1_XBOX	0.63	128	-17
