C3_ADDR	1.00	-24	98
C3_BE	1.00	-35	84
C3_BEFO	1.00	-25	55
C3_BEIN	1.00	-20	53
C3_CODE	1.00	-32	85
C3_COND	1.00	-100	18
C3_DID	1.00	-37	61
C3_DVD	1.00	-19	60
C3_EXAM	1.00	-24	57
C3_GIVE	1.00	-27	51
C3_GLOB	1.00	-25	82
C3_JAZZ	1.00	-52	36
C3_KEY	1.00	-24	66
C3_KNOW	1.00	-89	15
C3_LIFE	1.00	-21	65
C3_LIVE	1.00	-38	69
C3_LONG	1.00	-37	61
C3_MAN	1.00	-73	36
C3_MONT	1.00	-11	70
C3_OFF	1.00	-21	83
C3_OPPO	1.00	-63	28
C3_PLAC	1.00	-105	27
C3_REPL	1.00	-39	62
C3_SEND	1.00	-10	51
C3_STRE	1.00	-26	77
C3_TRY	1.00	-20	65
C3_UPDA	1.00	-44	57
